% Model:              Main1-recovery1.mph
% Version:            COMSOL 6.3.0.290
% Date:               Nov 13 2025, 18:33
% Table:              Table 1 - 
% mesh_scale                                      Eigenfrequency (THz)                              Frequency (THz)                                   Quality factor (1)                                Frequency (THz)                                   Quality factor (1)                                Frequency (THz)                                   Quality factor (1)
1                                                 467.0732970437931+1.6474056844939455i             467.0732970437931                                 141.76025414992722                                467.0732970437931                                 141.76025414992722                                467.0732970437931                                 141.76025414992722
1                                                 467.84455886393675+2.1628612617384744i            467.84455886393675                                108.15408439279423                                467.84455886393675                                108.15408439279423                                467.84455886393675                                108.15408439279423
1                                                 468.142861515945+2.4925538100574163i              468.142861515945                                  93.90827584684345                                 468.142861515945                                  93.90827584684345                                 468.142861515945                                  93.90827584684345
1                                                 468.3322248856584+1.361637195773815i              468.3322248856584                                 171.97393929133466                                468.3322248856584                                 171.97393929133466                                468.3322248856584                                 171.97393929133466
1                                                 468.4900977113497+4.071700327718428i              468.4900977113497                                 57.5300316825953                                  468.4900977113497                                 57.5300316825953                                  468.4900977113497                                 57.5300316825953
1                                                 468.7758256383289+2.245471142654006i              468.7758256383289                                 104.38250947288176                                468.7758256383289                                 104.38250947288176                                468.7758256383289                                 104.38250947288176
1                                                 468.9377593157844+3.4639829672213898i             468.9377593157844                                 67.68765374327744                                 468.9377593157844                                 67.68765374327744                                 468.9377593157844                                 67.68765374327744
1                                                 469.26901358067744+1.6568922494912333i            469.26901358067744                                141.61120426653318                                469.26901358067744                                141.61120426653318                                469.26901358067744                                141.61120426653318
1                                                 470.31343822681345+2.83477689966617i              470.31343822681345                                82.9542244192477                                  470.31343822681345                                82.9542244192477                                  470.31343822681345                                82.9542244192477
1                                                 470.3187530099628+3.955704395891125i              470.3187530099628                                 59.448167246583566                                470.3187530099628                                 59.448167246583566                                470.3187530099628                                 59.448167246583566
1                                                 470.79653274479125+2.1259051731476784i            470.79653274479125                                110.72848843199247                                470.79653274479125                                110.72848843199247                                470.79653274479125                                110.72848843199247
1                                                 471.01618927064806+1.391808846405834i             471.01618927064806                                169.21008602833152                                471.01618927064806                                169.21008602833152                                471.01618927064806                                169.21008602833152
1                                                 471.3308974417682+2.9868582336050142i             471.3308974417682                                 78.9007814530406                                  471.3308974417682                                 78.9007814530406                                  471.3308974417682                                 78.9007814530406
1                                                 471.83396215045747+1.6398399338406107i            471.83396215045747                                143.86585922608677                                471.83396215045747                                143.86585922608677                                471.83396215045747                                143.86585922608677
1                                                 472.14227906524553+2.155655966720507i             472.14227906524553                                109.5124375953961                                 472.14227906524553                                109.5124375953961                                 472.14227906524553                                109.5124375953961
1                                                 472.5373100859288+2.4884274229132144i             472.5373100859288                                 94.9469744897617                                  472.5373100859288                                 94.9469744897617                                  472.5373100859288                                 94.9469744897617
1                                                 473.23560644803365+1.4805986430659557i            473.23560644803365                                159.81225184297045                                473.23560644803365                                159.81225184297045                                473.23560644803365                                159.81225184297045
1                                                 473.41763910653935+3.3874881335389695i            473.41763910653935                                69.87738708503629                                 473.41763910653935                                69.87738708503629                                 473.41763910653935                                69.87738708503629
1                                                 473.4600800518946+2.1266391712001544i             473.4600800518946                                 111.31650504318995                                473.4600800518946                                 111.31650504318995                                473.4600800518946                                 111.31650504318995
1                                                 474.068499432269+1.6917463028932003i              474.068499432269                                  140.11217244025414                                474.068499432269                                  140.11217244025414                                474.068499432269                                  140.11217244025414
1.2                                               466.94706188223097+1.6477137786181404i            466.94706188223097                                141.6954412658482                                 466.94706188223097                                141.6954412658482                                 466.94706188223097                                141.6954412658482
1.2                                               467.84141451954537+2.1601264996983955i            467.84141451954537                                108.2902817462003                                 467.84141451954537                                108.2902817462003                                 467.84141451954537                                108.2902817462003
1.2                                               468.13512598941173+2.4898654668413975i            468.13512598941173                                94.00811654761418                                 468.13512598941173                                94.00811654761418                                 468.13512598941173                                94.00811654761418
1.2                                               468.3048419924682+1.3603543483943012i             468.3048419924682                                 172.12605029903915                                468.3048419924682                                 172.12605029903915                                468.3048419924682                                 172.12605029903915
1.2                                               468.6727154039782+2.246723118875264i              468.6727154039782                                 104.30139599013012                                468.6727154039782                                 104.30139599013012                                468.6727154039782                                 104.30139599013012
1.2                                               468.92111388233786+3.462992762280118i             468.92111388233786                                67.70460495759005                                 468.92111388233786                                67.70460495759005                                 468.92111388233786                                67.70460495759005
1.2                                               469.24445242656236+1.6589132691606503i            469.24445242656236                                141.43127948575122                                469.24445242656236                                141.43127948575122                                469.24445242656236                                141.43127948575122
1.2                                               470.22903274434987+2.8457966795626417i            470.22903274434987                                82.61817088363063                                 470.22903274434987                                82.61817088363063                                 470.22903274434987                                82.61817088363063
1.2                                               470.30205009592703+3.936115217599441i             470.30205009592703                                59.741905927077376                                470.30205009592703                                59.741905927077376                                470.30205009592703                                59.741905927077376
1.2                                               470.7707936515173+2.1308412436245936i             470.7707936515173                                 110.46594744213064                                470.7707936515173                                 110.46594744213064                                470.7707936515173                                 110.46594744213064
1.2                                               470.89805568726143+1.383999959700038i             470.89805568726143                                170.1221348985161                                 470.89805568726143                                170.1221348985161                                 470.89805568726143                                170.1221348985161
1.2                                               471.2874130000338+2.91556372901539i               471.2874130000338                                 80.8226910476746                                  471.2874130000338                                 80.8226910476746                                  471.2874130000338                                 80.8226910476746
1.2                                               471.7148300842307+1.64220430867542i               471.7148300842307                                 143.6224553766728                                 471.7148300842307                                 143.6224553766728                                 471.7148300842307                                 143.6224553766728
1.2                                               472.13548554976416+2.154438637251888i             472.13548554976416                                109.57273913171194                                472.13548554976416                                109.57273913171194                                472.13548554976416                                109.57273913171194
1.2                                               472.52754216215897+2.4841826968095493i            472.52754216215897                                95.10724448105789                                 472.52754216215897                                95.10724448105789                                 472.52754216215897                                95.10724448105789
1.2                                               472.96405520284856+3.9197005068712505i            472.96405520284856                                60.33165727505721                                 472.96405520284856                                60.33165727505721                                 472.96405520284856                                60.33165727505721
1.2                                               473.2091466074512+1.4814797775170303i             473.2091466074512                                 159.70827067263542                                473.2091466074512                                 159.70827067263542                                473.2091466074512                                 159.70827067263542
1.2                                               473.35279362973904+2.1090250838757134i            473.35279362973904                                112.2207595463654                                 473.35279362973904                                112.2207595463654                                 473.35279362973904                                112.2207595463654
1.2                                               473.3966275418137+3.3844960990075195i             473.3966275418137                                 69.93605749473815                                 473.3966275418137                                 69.93605749473815                                 473.3966275418137                                 69.93605749473815
1.2                                               474.04383965406504+1.6943029690612832i            474.04383965406504                                139.89346896933841                                474.04383965406504                                139.89346896933841                                474.04383965406504                                139.89346896933841
1.4                                               466.81531297976494+1.643904664196064i             466.81531297976494                                141.983693807468                                  466.81531297976494                                141.983693807468                                  466.81531297976494                                141.983693807468
1.4                                               467.827798113472+2.1520202029717796i              467.827798113472                                  108.69502931883181                                467.827798113472                                  108.69502931883181                                467.827798113472                                  108.69502931883181
1.4                                               468.13104777210424+2.477983276905377i             468.13104777210424                                94.45807244444532                                 468.13104777210424                                94.45807244444532                                 468.13104777210424                                94.45807244444532
1.4                                               468.27306934505117+1.359882106440702i             468.27306934505117                                172.17414183450407                                468.27306934505117                                172.17414183450407                                468.27306934505117                                172.17414183450407
1.4                                               468.54600211184953+2.2185597642237913i            468.54600211184953                                105.59688534597127                                468.54600211184953                                105.59688534597127                                468.54600211184953                                105.59688534597127
1.4                                               468.89949196360936+3.453073831151736i             468.89949196360936                                67.89595515355849                                 468.89949196360936                                67.89595515355849                                 468.89949196360936                                67.89595515355849
1.4                                               469.20757930251835+1.6577107713052808i            469.20757930251835                                141.52275156330936                                469.20757930251835                                141.52275156330936                                469.20757930251835                                141.52275156330936
1.4                                               470.1241215991211+2.7853537870062217i             470.1241215991211                                 84.39217376842173                                 470.1241215991211                                 84.39217376842173                                 470.1241215991211                                 84.39217376842173
1.4                                               470.24914038624655+3.9351202051832908i            470.24914038624655                                59.75028917373862                                 470.24914038624655                                59.75028917373862                                 470.24914038624655                                59.75028917373862
1.4                                               470.7391826284215+2.1258605684144194i             470.7391826284215                                 110.71732305085371                                470.7391826284215                                 110.71732305085371                                470.7391826284215                                 110.71732305085371
1.4                                               470.77776702822155+1.3808492445341525i            470.77776702822155                                170.46675040440223                                470.77776702822155                                170.46675040440223                                470.77776702822155                                170.46675040440223
1.4                                               471.1717322396331+2.8108877531721976i             471.1717322396331                                 83.81190812544848                                 471.1717322396331                                 83.81190812544848                                 471.1717322396331                                 83.81190812544848
1.4                                               471.5781422769429+1.6356405526546813i             471.5781422769429                                 144.15702200326382                                471.5781422769429                                 144.15702200326382                                471.5781422769429                                 144.15702200326382
1.4                                               472.1202183466504+2.1459580567505916i             472.1202183466504                                 110.00220084952045                                472.1202183466504                                 110.00220084952045                                472.1202183466504                                 110.00220084952045
1.4                                               472.5248724967906+2.4684676938339227i             472.5248724967906                                 95.71218486616779                                 472.5248724967906                                 95.71218486616779                                 472.5248724967906                                 95.71218486616779
1.4                                               472.9677821239228+3.7701764679696947i             472.9677821239228                                 62.72488650625738                                 472.9677821239228                                 62.72488650625738                                 472.9677821239228                                 62.72488650625738
1.4                                               473.17451259984847+1.4815779236475732i            473.17451259984847                                159.686002689253                                  473.17451259984847                                159.686002689253                                  473.17451259984847                                159.686002689253
1.4                                               473.2236464109322+2.0807026367888524i             473.2236464109322                                 113.71726984045593                                473.2236464109322                                 113.71726984045593                                473.2236464109322                                 113.71726984045593
1.4                                               473.37806291536486+3.3826704382433883i            473.37806291536486                                69.97105859966496                                 473.37806291536486                                69.97105859966496                                 473.37806291536486                                69.97105859966496
1.4                                               474.0044127452471+1.6923503725847109i             474.0044127452471                                 140.0432263980019                                 474.0044127452471                                 140.0432263980019                                 474.0044127452471                                 140.0432263980019
1.6                                               466.7768800555354+1.6427848111423955i             466.7768800555354                                 142.06878371700367                                466.7768800555354                                 142.06878371700367                                466.7768800555354                                 142.06878371700367
1.6                                               467.8255828518009+2.15081357635838i               467.8255828518009                                 108.75549326871308                                467.8255828518009                                 108.75549326871308                                467.8255828518009                                 108.75549326871308
1.6                                               468.1279928585112+2.477202253821927i              468.1279928585112                                 94.48723699008923                                 468.1279928585112                                 94.48723699008923                                 468.1279928585112                                 94.48723699008923
1.6                                               468.2637762980574+1.35991581075773i               468.2637762980574                                 172.16645787695708                                468.2637762980574                                 172.16645787695708                                468.2637762980574                                 172.16645787695708
1.6                                               468.51352763600966+2.214313971184891i             468.51352763600966                                105.79202717700093                                468.51352763600966                                105.79202717700093                                468.51352763600966                                105.79202717700093
1.6                                               468.8932096372449+3.4512517297015117i             468.8932096372449                                 67.93089092892654                                 468.8932096372449                                 67.93089092892654                                 468.8932096372449                                 67.93089092892654
1.6                                               469.19882746250687+1.658054107622794i             469.19882746250687                                141.49080699640513                                469.19882746250687                                141.49080699640513                                469.19882746250687                                141.49080699640513
1.6                                               470.09658511055187+2.7841376353679514i            470.09658511055187                                84.42409224650704                                 470.09658511055187                                84.42409224650704                                 470.09658511055187                                84.42409224650704
1.6                                               470.23981144767043+3.933647391517258i             470.23981144767043                                59.77147474653199                                 470.23981144767043                                59.77147474653199                                 470.23981144767043                                59.77147474653199
1.6                                               470.7311104328385+2.1254256047718396i             470.7311104328385                                 110.73808214599225                                470.7311104328385                                 110.73808214599225                                470.7311104328385                                 110.73808214599225
1.6                                               470.74167665307203+1.379295860153235i             470.74167665307203                                170.64564980307208                                470.74167665307203                                170.64564980307208                                470.74167665307203                                170.64564980307208
1.6                                               471.14697859638835+2.7917303650536653i            471.14697859638835                                84.38260809391087                                 471.14697859638835                                84.38260809391087                                 471.14697859638835                                84.38260809391087
1.6                                               471.5422088099295+1.6353812437675233i             471.5422088099295                                 144.1688935246714                                 471.5422088099295                                 144.1688935246714                                 471.5422088099295                                 144.1688935246714
1.6                                               472.11781607036136+2.1453466277539004i            472.11781607036136                                110.03299186310313                                472.11781607036136                                110.03299186310313                                472.11781607036136                                110.03299186310313
1.6                                               472.5216252709324+2.4667655205709984i             472.5216252709324                                 95.77757215480187                                 472.5216252709324                                 95.77757215480187                                 472.5216252709324                                 95.77757215480187
1.6                                               472.93568588225304+3.7519428828243093i            472.93568588225304                                63.02543784012063                                 472.93568588225304                                63.02543784012063                                 472.93568588225304                                63.02543784012063
1.6                                               473.1661261446394+1.48211236814499i               473.1661261446394                                 159.6255912555583                                 473.1661261446394                                 159.6255912555583                                 473.1661261446394                                 159.6255912555583
1.6                                               473.1909087842743+2.07326899530674i               473.1909087842743                                 114.11710440262138                                473.1909087842743                                 114.11710440262138                                473.1909087842743                                 114.11710440262138
1.6                                               473.37257978852773+3.3809621072716762i            473.37257978852773                                70.00560266120871                                 473.37257978852773                                70.00560266120871                                 473.37257978852773                                70.00560266120871
1.6                                               473.9965749277395+1.6931429959413546i             473.9965749277395                                 139.97535236656327                                473.9965749277395                                 139.97535236656327                                473.9965749277395                                 139.97535236656327
1.8                                               466.75643786993237+1.6430463816759309i            466.75643786993237                                142.0399457603364                                 466.75643786993237                                142.0399457603364                                 466.75643786993237                                142.0399457603364
1.8                                               467.8242588755718+2.150225733621029i              467.8242588755718                                 108.78491768576899                                467.8242588755718                                 108.78491768576899                                467.8242588755718                                 108.78491768576899
1.8                                               468.12695249177654+2.4760322010839437i            468.12695249177654                                94.53167698845809                                 468.12695249177654                                94.53167698845809                                 468.12695249177654                                94.53167698845809
1.8                                               468.2589817224746+1.3602341716948552i             468.2589817224746                                 172.12440014612434                                468.2589817224746                                 172.12440014612434                                468.2589817224746                                 172.12440014612434
1.8                                               468.4955810118879+2.2126417850880404i             468.4955810118879                                 105.86792316977929                                468.4955810118879                                 105.86792316977929                                468.4955810118879                                 105.86792316977929
1.8                                               468.8901327140773+3.45038470183323i               468.8901327140773                                 67.94751502128885                                 468.8901327140773                                 67.94751502128885                                 468.8901327140773                                 67.94751502128885
1.8                                               469.1936713291178+1.658396124725635i              469.1936713291178                                 141.4600722751753                                 469.1936713291178                                 141.4600722751753                                 469.1936713291178                                 141.4600722751753
1.8                                               470.0805546598942+2.780386665612914i              470.0805546598942                                 84.53510450070237                                 470.0805546598942                                 84.53510450070237                                 470.0805546598942                                 84.53510450070237
1.8                                               470.23421123301534+3.9315614333379187i            470.23421123301534                                59.80247532769489                                 470.23421123301534                                59.80247532769489                                 470.23421123301534                                59.80247532769489
1.8                                               470.72257551160305+1.3793362259799031i            470.72257551160305                                170.63373187969233                                470.72257551160305                                170.63373187969233                                470.72257551160305                                170.63373187969233
1.8                                               470.72633392280176+2.1258313043322055i            470.72633392280176                                110.7158251370921                                 470.72633392280176                                110.7158251370921                                 470.72633392280176                                110.7158251370921
1.8                                               471.13409723961644+2.7775370797401036i            471.13409723961644                                84.81148652814761                                 471.13409723961644                                84.81148652814761                                 471.13409723961644                                84.81148652814761
1.8                                               471.5222053746596+1.6355169128820959i             471.5222053746596                                 144.1508191265802                                 471.5222053746596                                 144.1508191265802                                 471.5222053746596                                 144.1508191265802
1.8                                               472.1157146721046+2.144705259119413i              472.1157146721046                                 110.06540704477707                                472.1157146721046                                 110.06540704477707                                472.1157146721046                                 110.06540704477707
1.8                                               472.5207576370677+2.46523936510743i               472.5207576370677                                 95.83668919234465                                 472.5207576370677                                 95.83668919234465                                 472.5207576370677                                 95.83668919234465
1.8                                               472.93164858096804+3.7379980851832775i            472.93164858096804                                63.260017501825416                                472.93164858096804                                63.260017501825416                                472.93164858096804                                63.260017501825416
1.8                                               473.1614127591963+1.4824417007828536i             473.1614127591963                                 159.58853980879226                                473.1614127591963                                 159.58853980879226                                473.1614127591963                                 159.58853980879226
1.8                                               473.1718595100014+2.069921035229253i              473.1718595100014                                 114.2970798056544                                 473.1718595100014                                 114.2970798056544                                 473.1718595100014                                 114.2970798056544
1.8                                               473.36880904326813+3.3812641746962244i            473.36880904326813                                69.99879107135956                                 473.36880904326813                                69.99879107135956                                 473.36880904326813                                69.99879107135956
1.8                                               473.99161903659274+1.6933844277378418i            473.99161903659274                                139.95393227685122                                473.99161903659274                                139.95393227685122                                473.99161903659274                                139.95393227685122
